0.945741653442383
0.992219924926758
0.949062347412109
0.970592498779297
0.992528915405273
0.947114944458008
0.929986953735352
0.973094940185547
0.983522415161133
0.974000930786133
0.986667633056641
0.932159423828125
0.979806900024414
0.995445251464844
0.998729705810547
0.967945098876953
0.89314079284668
0.911710739135742
0.997701644897461
0.993198394775391
0.996332168579102
0.97125244140625
0.897867202758789
0.976551055908203
0.984773635864258
0.976718902587891
0.943641662597656
0.921234130859375
0.923162460327148
0.879678726196289
0.948753356933594
0.921073913574219
0.893154144287109
0.992757797241211
0.966781616210938
0.993654251098633
0.941188812255859
0.992063522338867
0.957176208496094
0.898899078369141
0.972532272338867
0.983043670654297
0.964431762695312
0.967653274536133
0.93061637878418
0.956642150878906
0.997114181518555
0.914134979248047
0.957481384277344
0.899662017822266

