0.930877685546875
0.995138168334961
0.949306488037109
0.954118728637695
0.992759704589844
0.947538375854492
0.935998916625977
0.976963043212891
0.970829010009766
0.96905517578125
0.946958541870117
0.943269729614258
0.98491096496582
0.996515274047852
0.995121002197266
0.960206985473633
0.907155990600586
0.921535491943359
0.998167037963867
0.990327835083008
0.997106552124023
0.976646423339844
0.899831771850586
0.982185363769531
0.986984252929688
0.972230911254883
0.9498291015625
0.930109024047852
0.931171417236328
0.885787963867188
0.951089859008789
0.928672790527344
0.870124816894531
0.994190216064453
0.966766357421875
0.99560546875
0.938064575195312
0.974004745483398
0.951164245605469
0.903879165649414
0.96129035949707
0.952695846557617
0.964242935180664
0.966514587402344
0.955554962158203
0.933050155639648
0.995798110961914
0.921367645263672
0.934469223022461
0.928169250488281

